20
200
78
39
77
74
71
60
51
36
70
45
48
47
87
54
99
58
70
30
45
82
37
70
45
76
37
66
54
62
75
53
33
93
33
42
94
76
42
63
78
79
55
74
81
34
77
89
80
35
71
41
61
43
47
100
61
57
39
30
40
43
97
32
77
36
84
83
47
43
44
55
30
61
45
84
100
80
85
46
41
89
62
77
37
68
70
31
49
33
87
69
76
52
32
52
42
33
63
41
79
70
87
51
60
91
32
37
80
60
39
76
42
59
76
79
36
70
69
54
100
31
52
47
82
48
60
83
59
48
37
69
60
59
38
52
55
54
56
95
88
68
48
95
93
77
50
71
92
73
51
75
88
79
43
33
64
69
39
94
54
41
86
55
84
93
60
56
76
82
49
71
79
79
99
35
100
58
62
69
40
33
63
42
41
89
90
80
52
40
84
45
89
65
30
38
80
89
84
58
43
89
