20
800
47
94
42
95
50
66
49
50
79
59
72
59
49
36
72
87
94
41
81
67
36
77
97
77
42
70
74
55
33
86
80
45
96
84
79
55
74
59
32
89
92
55
47
68
64
64
39
90
81
55
66
47
48
51
31
42
59
40
84
48
71
49
89
59
78
91
46
57
62
52
44
62
84
93
49
70
96
78
47
60
96
100
78
56
35
79
64
77
60
94
58
94
68
41
45
36
72
60
60
53
43
93
40
74
77
40
87
32
85
63
56
90
95
37
98
80
35
39
67
59
48
85
57
53
35
91
41
66
51
58
73
53
69
98
86
49
76
32
48
80
82
39
89
48
52
99
59
71
64
66
45
36
32
60
32
64
64
37
79
43
90
71
56
49
93
59
48
75
89
74
50
62
42
65
63
57
51
87
74
70
34
33
78
59
83
84
61
54
98
34
85
82
99
100
58
77
85
100
35
63
77
78
46
99
52
68
37
42
44
51
51
48
69
65
65
86
35
95
93
66
68
58
42
70
36
54
92
47
53
74
41
79
82
99
92
60
80
43
71
80
90
48
66
31
78
56
52
63
30
80
87
74
94
82
85
60
64
87
95
31
43
66
80
46
61
73
42
98
90
69
93
55
66
81
91
43
98
63
50
63
34
90
78
82
68
73
63
86
81
92
52
41
97
74
86
69
30
35
61
86
40
99
66
69
77
36
43
81
63
100
86
98
63
39
94
92
98
85
68
54
30
65
68
65
72
69
71
77
30
76
42
56
42
47
82
88
38
98
52
91
82
36
69
74
94
59
81
86
33
60
32
53
50
98
56
42
62
33
74
67
54
76
87
99
35
74
36
39
65
45
93
41
89
42
83
53
56
44
36
35
69
61
62
85
59
45
55
84
33
67
66
60
72
70
54
54
42
55
34
56
91
94
31
93
76
71
49
70
73
64
69
76
86
48
85
50
44
45
43
33
55
84
73
90
100
46
57
35
65
100
86
88
30
85
59
39
95
45
100
80
100
62
73
69
64
58
74
62
30
52
69
30
53
72
97
51
62
95
79
100
62
92
91
41
59
88
35
90
43
79
31
93
92
32
63
46
86
59
92
96
48
62
90
84
62
55
76
88
69
71
57
70
88
88
48
58
52
93
38
94
45
43
83
33
44
77
32
66
85
36
89
37
68
32
80
98
87
94
34
55
30
64
79
46
78
51
81
66
70
78
45
72
84
40
32
42
73
76
43
54
63
48
44
91
66
59
40
57
79
35
32
73
43
74
100
73
92
96
66
36
30
95
71
50
47
53
84
96
72
74
92
41
72
88
72
100
89
61
56
83
98
86
37
61
57
31
95
59
74
90
80
93
71
50
78
40
64
72
98
79
51
32
38
78
72
97
78
70
35
48
37
39
30
86
76
99
68
96
40
64
48
72
72
72
94
35
47
32
68
58
41
62
54
68
96
59
34
54
62
74
94
44
39
65
48
50
51
37
45
87
79
51
51
41
49
56
57
70
100
52
89
68
56
64
98
33
44
30
94
37
83
42
86
65
91
88
86
46
30
81
91
63
57
89
98
50
37
79
69
94
82
65
79
82
61
59
89
43
83
48
95
82
62
98
53
35
51
94
34
50
100
63
58
82
40
91
99
39
30
78
71
43
86
79
99
98
53
77
46
69
78
89
41
53
45
60
100
34
58
46
73
77
94
55
81
93
59
48
91
30
55
42
80
76
96
81
95
30
51
78
46
77
90
79
44
32
40
37
84
48
73
64
90
59
58
44
41
98
41
94
95
97
83
70
60
36
96
85
85
89
72
68
43
56
73
87
100
63
98
64
