20
500
76
62
67
69
60
81
69
40
31
53
66
77
95
75
33
37
99
85
36
75
30
45
72
60
59
78
79
71
38
37
72
84
82
43
92
37
30
45
38
74
45
50
40
64
52
38
84
38
54
63
86
43
49
47
83
78
92
45
47
79
58
75
37
53
31
55
69
91
59
62
74
81
66
70
42
43
95
48
70
68
90
70
30
80
56
45
68
69
31
70
70
51
72
98
30
55
40
31
66
69
80
84
43
76
81
32
76
42
56
78
66
88
88
45
58
84
95
45
86
56
59
45
92
88
53
52
51
34
77
74
93
40
54
51
55
43
72
97
75
60
31
77
90
66
35
61
74
56
67
45
75
65
97
97
82
57
51
41
37
56
83
67
69
88
44
45
74
82
64
92
72
68
59
50
95
48
53
80
31
86
77
49
47
95
45
35
98
44
55
89
96
38
88
34
38
41
63
76
50
92
76
53
31
43
92
81
85
83
45
80
56
35
73
83
52
61
78
93
75
97
64
45
94
85
99
67
69
33
47
53
100
44
71
86
91
70
62
69
72
83
36
60
90
50
55
31
40
83
43
46
85
38
92
56
91
38
63
95
44
98
50
68
39
36
68
69
55
82
36
64
46
95
55
45
62
50
71
93
91
59
69
71
98
95
55
54
62
87
80
62
55
93
35
37
100
30
90
80
41
75
98
67
69
82
99
45
92
48
73
52
85
91
59
37
63
66
35
80
47
93
63
84
90
43
54
71
45
34
64
59
40
69
70
47
98
69
63
85
73
87
67
74
99
86
32
60
64
95
100
62
67
50
90
88
76
31
87
36
95
76
71
49
70
57
30
63
66
84
51
69
65
51
98
68
43
89
71
74
85
39
42
35
76
42
53
83
45
43
46
67
47
41
77
74
69
82
44
84
58
62
34
49
93
41
42
97
65
99
77
89
81
64
37
89
46
77
55
96
36
69
79
38
42
36
95
87
54
39
95
67
37
33
42
58
81
57
82
100
92
73
54
92
37
39
36
97
37
41
72
33
77
65
68
94
85
49
97
99
90
48
81
82
31
50
52
72
76
33
47
92
90
75
70
52
56
70
84
47
46
99
95
97
46
80
82
43
36
48
82
76
95
47
85
49
37
70
54
69
32
85
