20
350
30
97
94
97
85
58
61
91
74
75
88
86
89
85
92
41
99
54
60
53
56
68
98
47
58
52
55
37
36
46
59
63
42
85
30
90
38
89
100
95
98
52
64
79
64
68
66
59
67
57
66
53
67
38
34
66
77
73
43
93
80
42
86
86
42
99
44
65
66
80
31
58
55
57
59
78
87
88
85
41
79
43
57
78
56
34
86
39
60
63
46
100
39
39
55
63
73
44
95
54
100
47
58
81
90
90
88
71
50
57
95
45
84
61
44
99
82
93
39
43
37
63
38
53
65
60
67
93
43
47
75
77
57
100
91
54
89
51
85
61
52
58
36
64
48
43
70
93
35
59
57
66
35
43
80
89
46
43
54
50
62
81
99
45
40
87
50
96
60
58
35
58
92
36
78
92
90
82
56
74
34
52
51
90
32
52
55
53
82
95
94
100
87
66
74
40
60
55
84
74
87
98
45
98
97
34
64
66
38
65
53
82
88
84
60
81
88
75
82
49
93
56
73
100
68
31
44
47
84
77
100
36
38
83
81
50
80
55
74
35
94
35
70
85
62
89
36
90
50
62
68
69
68
89
75
83
44
85
49
54
41
89
98
53
100
96
82
44
40
96
44
86
58
32
79
36
88
46
79
88
42
61
64
91
37
49
43
38
69
73
37
48
88
81
61
51
97
83
64
58
39
61
80
36
46
72
87
48
44
53
70
30
44
98
44
66
40
62
58
33
69
63
53
90
94
98
87
99
69
100
73
98
43
66
87
38
35
74
68
72
100
30
66
34
30
41
36
93
95
63
