20
700
67
31
75
48
88
63
64
91
85
81
69
67
63
30
40
61
42
57
42
34
65
68
55
81
38
84
84
94
90
80
98
57
85
74
83
57
63
70
72
89
35
37
84
41
32
38
83
53
39
59
69
38
67
39
51
72
73
47
97
33
56
51
46
64
58
48
96
48
83
71
88
77
75
66
89
67
31
75
57
32
79
98
33
60
91
71
86
80
87
63
76
55
55
89
47
74
83
82
58
94
45
76
89
89
34
64
98
42
83
58
49
99
36
60
88
41
30
71
87
52
97
77
69
72
90
46
79
91
67
79
83
30
48
88
47
60
59
73
93
42
51
51
42
46
62
58
50
98
42
43
89
48
43
84
80
97
91
92
95
61
37
78
30
68
44
40
87
97
83
81
82
63
33
61
48
69
82
80
82
35
97
97
85
66
75
41
94
64
92
88
49
82
99
75
97
78
99
58
60
93
85
33
56
31
80
66
88
55
30
33
95
67
68
82
39
74
93
97
34
40
97
42
85
73
51
41
73
56
35
82
49
38
98
71
60
52
95
63
36
36
36
73
59
31
77
69
98
88
85
95
64
89
98
79
43
83
55
55
84
57
67
78
80
55
46
38
86
99
90
44
32
57
44
88
57
85
67
100
87
63
30
55
32
91
63
64
50
31
42
85
94
47
30
91
46
39
86
67
82
31
91
66
30
58
35
88
40
49
45
98
52
47
93
36
76
71
49
90
76
92
68
65
40
37
50
75
81
59
64
42
68
83
100
96
63
50
59
36
82
31
56
37
95
52
82
99
44
31
65
45
40
72
82
73
68
79
87
84
30
31
92
44
98
82
43
48
85
63
80
76
65
57
72
66
97
73
65
66
69
84
55
57
85
85
68
77
79
73
52
85
55
81
44
42
99
97
85
77
32
49
71
38
73
95
40
74
31
62
51
82
41
45
54
52
34
30
35
48
85
77
59
59
91
44
66
63
33
90
73
83
68
39
73
37
70
80
44
85
67
49
50
40
92
58
52
41
54
78
50
100
49
93
37
65
75
35
94
64
40
60
67
97
38
69
35
68
68
42
48
31
45
31
99
35
40
93
43
75
48
35
43
86
57
33
82
72
30
65
62
68
54
97
70
51
87
89
87
86
59
95
32
46
32
81
100
87
42
85
31
75
49
53
52
31
34
56
70
70
73
63
55
62
75
59
58
69
50
39
61
99
83
38
34
38
77
66
44
73
83
93
32
33
39
82
51
86
48
30
94
80
91
71
77
61
85
48
89
81
48
48
52
35
83
37
54
37
97
50
59
98
56
92
50
81
39
74
81
100
83
80
51
95
46
41
46
68
92
100
92
37
53
35
75
94
66
59
91
39
53
83
84
61
100
77
58
35
84
93
60
91
84
94
74
54
98
49
32
84
75
91
62
33
34
43
50
44
99
62
74
94
37
37
39
50
87
59
35
34
56
45
50
80
72
74
70
47
58
84
31
99
40
65
76
80
98
99
97
97
40
88
55
88
34
97
33
42
46
60
95
57
75
50
42
50
88
92
97
81
50
72
92
37
83
77
99
63
42
60
30
64
59
74
62
83
76
100
52
39
70
92
