20
300
67
78
43
92
42
48
42
45
99
71
63
37
43
92
48
83
61
66
96
94
52
73
63
60
92
66
80
67
52
53
100
76
42
99
96
41
96
40
49
39
30
85
77
81
65
46
33
91
99
86
49
79
68
48
88
71
76
49
73
93
51
52
61
47
53
100
48
40
81
94
76
39
44
78
36
64
30
97
57
41
94
73
78
42
67
41
86
85
45
97
70
50
46
51
88
98
32
34
33
38
43
95
91
92
88
85
69
51
71
75
99
94
33
87
77
51
84
100
67
95
69
60
88
39
82
44
91
33
67
35
81
65
31
100
97
32
68
50
71
77
61
93
61
93
46
90
65
85
59
84
77
83
39
44
48
46
54
65
68
58
62
42
32
46
71
60
70
87
64
55
90
51
84
58
64
30
77
94
57
61
55
74
65
59
62
37
73
40
48
85
91
51
65
84
94
69
52
63
40
90
64
54
95
97
59
99
95
59
66
47
69
77
32
61
48
100
60
49
97
77
48
35
100
79
35
93
36
48
76
98
89
98
42
98
96
37
48
41
40
43
52
93
86
70
97
60
36
84
52
43
73
92
100
42
95
96
66
89
73
93
94
51
79
84
53
59
31
47
71
37
73
31
91
55
30
77
49
37
39
57
94
47
76
100
61
63
43
73
95
52
60
54
77
81
52
68
95
56
43
91
