20
550
39
92
52
42
100
91
67
51
38
53
87
34
46
68
76
41
67
47
88
93
100
60
87
73
93
100
41
60
45
83
90
81
85
34
90
95
33
30
99
70
96
38
64
48
34
87
99
38
78
83
86
48
93
66
38
54
33
37
68
35
44
31
32
44
48
36
85
67
35
68
77
90
61
81
43
75
67
75
33
35
77
51
69
73
75
54
65
56
67
78
49
84
48
72
56
57
98
81
69
99
81
87
45
55
64
93
70
30
68
89
90
32
69
89
34
51
41
98
52
42
52
42
43
83
60
90
69
99
72
89
90
53
33
59
45
99
88
77
73
75
47
74
50
44
56
75
64
80
94
84
45
63
55
72
92
57
67
59
65
64
73
74
35
42
37
72
81
66
41
80
82
50
37
92
85
68
82
55
72
69
55
72
91
67
76
30
53
64
79
77
85
85
98
75
93
90
93
36
42
76
41
77
76
46
33
40
67
97
93
73
68
47
89
57
72
79
62
77
85
99
94
50
63
48
81
67
74
37
50
32
68
49
90
33
68
46
74
30
66
39
87
60
81
66
86
31
42
66
43
69
97
78
82
96
45
50
30
83
91
95
60
35
30
69
89
34
64
74
37
86
59
45
61
74
79
48
85
92
72
65
53
95
81
30
87
33
73
37
97
63
79
69
41
78
57
45
52
69
38
36
54
97
45
49
93
35
98
85
46
74
39
73
65
87
42
96
81
92
91
70
67
94
38
72
31
56
62
95
58
56
56
78
32
57
34
44
33
31
93
58
63
58
57
73
95
53
54
72
72
88
62
52
70
50
42
69
80
32
40
54
51
34
68
81
88
100
36
95
40
35
93
70
73
91
75
48
30
77
80
65
71
38
46
31
100
42
79
71
54
69
52
78
96
54
33
82
75
51
53
38
79
95
52
96
71
61
38
40
94
84
32
44
32
36
94
60
83
47
80
58
43
80
90
51
65
84
33
79
53
51
54
40
54
57
34
98
52
100
99
92
56
37
46
91
52
97
77
59
66
38
34
96
86
69
98
71
64
88
76
62
94
71
66
32
75
47
34
56
76
71
93
67
58
64
74
47
63
75
36
39
97
41
61
53
64
49
51
36
73
73
81
82
71
60
82
33
43
50
39
80
61
31
86
38
82
62
63
64
69
64
69
92
51
98
43
61
56
80
67
46
75
49
70
52
59
51
90
55
39
70
30
86
45
94
67
33
43
36
71
55
65
91
50
45
67
58
32
64
78
64
