20
750
96
54
62
42
77
56
81
95
62
62
73
56
30
90
69
72
76
78
56
72
81
99
97
53
93
54
62
49
35
51
90
40
51
84
99
44
36
84
44
93
31
39
90
44
92
75
94
66
47
88
94
49
85
89
32
80
46
41
41
49
76
47
41
40
93
53
49
90
95
80
72
92
48
78
47
70
78
31
88
69
72
33
32
92
88
67
49
72
70
71
95
90
50
42
83
53
70
77
60
74
100
93
75
39
39
47
91
59
46
38
87
76
35
73
33
30
31
94
69
30
70
95
34
40
77
72
51
42
83
50
80
46
72
72
56
75
84
62
71
81
41
91
38
66
36
31
75
44
47
99
87
85
75
87
79
75
30
73
76
96
69
32
36
46
33
69
94
44
81
40
30
86
66
35
78
92
39
79
89
71
84
33
44
32
96
32
87
66
42
97
78
47
31
64
36
82
49
84
63
35
35
31
41
42
45
54
73
73
78
50
97
35
35
95
79
36
91
32
90
77
39
44
64
52
50
58
50
71
87
88
99
38
50
93
47
98
72
64
95
33
56
54
96
80
52
67
48
97
69
77
100
46
31
88
52
43
31
76
83
79
54
39
72
50
87
56
49
52
58
73
98
56
78
31
88
57
45
80
71
50
53
88
81
57
34
75
50
61
48
80
43
75
89
82
97
39
67
70
71
67
73
42
83
68
94
90
57
75
34
66
74
37
34
42
45
30
95
31
60
37
61
66
43
44
82
87
43
82
35
39
88
31
44
60
34
61
76
51
40
35
96
90
34
36
95
94
85
71
88
68
47
30
81
44
50
55
31
35
84
30
72
38
79
67
67
70
36
78
37
98
37
43
91
77
41
49
34
36
72
52
31
30
58
81
67
53
64
88
43
71
61
63
32
55
41
78
30
80
96
76
56
72
59
49
49
32
93
75
55
85
35
47
36
30
43
63
80
48
59
100
94
59
44
34
48
95
80
49
99
78
86
46
35
52
85
42
95
79
57
77
96
77
99
38
60
40
44
43
78
81
92
88
30
67
84
46
51
46
72
45
87
46
100
83
42
47
30
43
79
88
66
59
48
87
57
83
87
98
91
62
62
94
100
100
52
91
58
43
63
40
36
46
60
96
46
42
78
40
62
78
71
79
63
49
80
53
69
50
54
80
50
53
97
86
56
36
67
41
51
33
35
70
45
90
41
60
48
72
49
64
61
95
86
51
99
61
58
71
33
96
58
45
94
65
73
41
51
78
69
61
89
48
89
33
31
75
95
96
40
81
53
98
80
76
96
89
79
43
64
62
66
49
62
47
45
77
49
82
61
45
46
57
84
68
52
67
91
53
45
63
41
61
53
31
89
34
34
56
78
31
84
85
83
97
74
77
99
61
55
100
80
66
69
93
87
65
33
47
63
74
43
85
44
66
34
73
92
91
80
54
30
97
93
39
75
99
94
91
76
60
100
30
73
61
48
94
32
76
43
50
48
30
80
62
39
74
59
83
47
91
74
83
78
94
62
100
47
40
96
95
81
60
98
73
97
51
85
52
55
91
93
54
93
30
40
68
51
76
72
85
81
62
83
83
77
69
96
66
85
47
100
85
90
99
92
73
77
48
43
76
34
30
87
57
65
68
65
48
42
59
95
75
97
85
85
46
67
67
97
76
97
37
50
35
77
36
51
50
32
40
57
69
97
67
82
79
77
92
89
33
