20
250
99
82
71
99
84
37
97
68
39
99
32
52
61
45
46
67
40
32
39
54
49
64
31
41
67
75
82
58
30
98
39
62
84
66
54
53
35
65
86
42
48
61
35
35
53
93
99
58
42
82
59
44
93
55
58
90
46
75
100
70
86
66
91
67
85
98
36
69
52
34
70
50
53
92
88
51
93
70
97
45
42
74
42
89
69
82
72
48
51
37
64
74
100
62
79
93
80
30
49
96
92
75
67
66
37
36
49
93
89
55
64
41
51
80
64
96
99
49
50
33
93
98
69
37
60
40
73
35
65
87
61
60
52
34
71
60
52
42
79
51
57
60
86
66
67
41
47
77
64
46
96
37
43
96
84
33
80
63
34
37
69
61
31
52
100
53
50
100
46
53
51
48
95
93
85
58
72
85
78
37
51
89
96
49
86
60
86
91
92
80
97
95
67
85
73
55
30
83
34
85
59
49
48
66
56
65
69
71
74
76
48
72
48
72
94
53
69
44
47
91
65
34
67
50
81
94
37
80
36
43
67
61
34
78
69
33
43
54
85
52
32
52
78
43
84
53
76
57
70
51
