20
400
46
89
100
39
63
65
85
33
48
77
79
71
60
36
83
86
42
99
62
82
36
79
55
95
99
67
60
98
51
68
86
72
40
35
47
30
51
90
80
100
100
74
93
73
34
62
93
67
82
50
57
65
96
70
49
37
67
39
94
100
51
76
94
40
55
87
63
43
44
100
59
66
76
93
51
86
49
46
34
65
44
84
30
70
72
62
82
89
80
35
84
35
48
99
38
95
94
36
77
94
94
88
69
69
82
96
47
77
44
42
30
34
66
38
37
68
31
51
85
80
83
51
91
38
50
93
36
91
34
59
69
70
83
41
81
100
50
46
65
90
78
100
74
49
61
41
33
66
48
44
96
90
33
80
57
54
52
38
90
55
77
94
45
72
81
83
77
35
60
42
66
86
48
85
42
76
98
62
32
96
48
98
32
48
85
50
84
76
75
95
81
67
35
75
76
96
76
97
78
51
76
93
44
51
61
78
70
100
50
46
58
61
76
84
70
61
58
55
60
89
70
47
71
59
98
73
43
84
36
91
79
61
69
84
65
98
40
32
73
72
71
91
90
47
45
37
91
70
75
76
41
34
80
40
54
84
61
65
39
32
49
50
56
50
57
56
87
64
39
41
87
52
44
61
68
62
56
54
96
84
70
44
94
91
65
63
99
75
97
31
77
36
43
94
56
38
62
66
92
45
84
65
83
37
62
48
87
75
56
59
47
81
92
60
43
44
69
43
54
61
38
30
59
93
98
97
74
53
94
71
38
77
35
53
90
71
79
76
64
92
83
100
34
95
69
38
71
48
89
36
75
95
37
83
75
52
44
37
35
60
83
38
64
64
84
95
96
58
46
64
63
42
45
66
78
55
97
66
87
50
42
82
58
89
99
44
47
76
61
68
30
64
81
80
73
68
30
79
34
69
