20
450
100
35
97
77
88
64
35
80
57
80
73
96
71
64
37
33
85
46
96
71
81
30
49
81
74
72
86
97
56
68
69
55
98
98
100
55
87
56
67
77
44
38
41
31
57
91
46
79
72
51
70
81
39
37
60
87
52
96
93
56
84
47
59
72
47
74
45
100
85
96
43
98
72
44
56
35
31
38
45
83
51
66
98
96
52
47
47
91
92
45
60
49
70
44
76
79
47
90
93
69
48
59
82
73
65
54
87
73
57
44
87
85
56
69
44
91
92
89
43
76
30
84
38
34
83
53
97
53
81
91
80
96
30
47
60
94
95
99
58
65
71
94
89
40
100
59
40
86
70
88
55
48
74
91
97
81
77
85
78
54
52
90
83
96
57
75
37
73
61
95
88
76
98
33
45
39
80
92
61
66
76
84
72
71
82
80
97
72
81
66
64
78
74
99
97
59
33
87
50
45
35
50
94
50
94
60
45
96
37
43
54
52
30
30
44
55
83
98
92
65
83
32
91
98
77
59
38
92
35
81
79
38
87
81
58
71
48
52
59
36
56
64
34
43
87
89
99
84
33
83
85
74
76
69
56
100
58
91
64
45
53
83
55
39
74
65
30
40
42
87
33
53
91
73
70
87
52
47
97
63
92
79
37
33
74
93
96
47
96
62
67
45
81
61
91
91
74
48
47
77
46
54
90
100
96
53
37
58
63
98
47
83
57
96
59
34
57
48
64
52
92
33
63
36
94
69
47
91
55
46
82
67
95
85
85
35
45
73
70
50
34
44
41
80
59
35
82
84
68
46
97
67
67
69
62
70
55
42
85
77
93
43
38
59
44
92
32
59
32
49
30
56
97
89
40
59
45
66
74
69
63
36
79
30
55
68
45
87
71
55
92
72
58
35
80
58
67
62
85
45
58
75
51
50
56
46
62
68
46
44
83
37
50
71
41
60
68
58
50
68
66
53
86
94
84
86
46
86
36
100
93
57
93
78
85
96
96
83
86
38
97
48
81
55
81
66
56
93
49
36
