20
600
60
53
91
32
83
67
51
87
71
48
61
74
75
39
62
94
88
47
34
61
41
38
82
63
85
48
81
86
83
75
60
80
44
78
46
55
70
40
32
32
39
39
89
76
42
46
96
94
93
50
67
88
67
37
56
100
40
87
80
57
84
65
58
97
86
78
60
80
84
43
43
43
52
35
100
55
80
31
43
95
66
32
40
64
74
70
62
74
42
50
77
83
50
33
56
87
31
100
85
86
98
93
99
52
42
63
42
68
81
93
30
35
31
76
50
97
95
51
73
59
63
35
75
55
36
34
83
99
30
38
69
48
83
45
79
39
89
56
95
69
77
85
37
45
94
84
80
91
39
91
30
56
77
84
84
54
58
59
99
69
54
97
88
77
43
74
52
31
64
91
49
76
82
89
58
78
69
41
82
31
57
46
89
69
88
83
97
87
78
50
87
50
90
80
80
65
94
40
77
40
57
81
38
30
87
87
92
35
68
95
52
54
96
71
74
63
52
71
34
89
50
71
97
99
70
95
90
70
65
66
65
95
38
64
46
97
65
86
75
61
83
31
91
50
69
32
33
44
36
53
83
82
66
38
74
90
75
38
85
83
93
35
35
84
36
86
95
95
37
91
62
96
93
70
61
98
100
86
74
68
67
66
47
39
42
35
42
32
35
42
40
81
61
62
38
78
94
62
34
50
86
39
60
35
98
81
33
51
97
88
34
86
36
46
83
30
75
73
90
82
57
66
37
57
75
72
73
60
83
75
58
69
75
69
51
32
71
66
63
33
49
43
43
52
56
51
58
34
78
73
69
75
52
96
83
38
37
90
44
76
31
90
91
45
50
99
88
46
80
83
34
66
84
30
36
38
58
50
75
66
49
38
64
98
63
62
93
49
100
52
78
72
66
95
97
98
43
47
33
48
74
77
31
35
94
88
30
67
71
58
65
72
30
87
56
59
33
88
78
42
68
58
53
93
88
77
68
97
39
90
78
58
59
40
76
94
45
64
34
90
33
90
46
86
96
41
94
80
75
55
37
71
93
67
54
45
81
68
94
79
100
30
38
89
37
76
89
53
90
33
67
50
57
80
100
43
69
45
62
78
48
41
86
79
70
50
66
48
63
41
73
66
53
99
58
79
91
80
36
71
58
50
72
43
84
56
71
83
87
48
57
72
94
97
49
80
50
69
70
36
99
94
79
50
40
35
48
66
39
58
32
77
65
97
66
78
53
80
45
67
73
78
58
32
52
96
63
91
91
67
97
58
39
92
60
84
79
89
55
100
49
50
91
35
66
50
83
62
41
82
50
100
36
88
96
83
42
40
64
94
51
43
71
57
58
51
83
64
94
83
66
37
62
66
66
42
94
54
44
65
