20
650
80
48
100
52
99
47
85
75
79
67
84
90
45
58
100
56
59
58
79
67
95
93
84
94
34
99
35
75
59
94
58
96
53
91
73
30
78
89
30
66
68
94
60
98
91
87
86
64
89
99
59
82
55
59
99
53
31
81
76
35
61
79
98
87
46
85
58
42
65
52
49
83
73
60
57
68
69
43
81
69
100
77
45
45
59
58
90
94
57
91
51
80
35
30
90
100
66
79
100
67
64
60
87
35
70
77
43
66
56
38
66
82
96
34
92
62
38
75
36
57
78
34
33
39
93
82
92
63
56
64
49
83
36
43
32
73
57
68
65
76
81
98
54
74
38
61
92
35
34
49
73
89
59
94
85
59
89
96
51
46
42
44
43
32
71
78
40
64
92
31
66
78
56
68
92
89
95
63
81
44
62
82
61
40
93
47
74
54
62
74
84
94
41
80
80
70
69
67
49
30
89
98
69
99
98
55
42
71
47
69
42
37
96
100
32
56
38
30
82
32
93
73
56
76
41
77
37
66
90
56
57
61
92
81
44
45
46
58
83
45
86
34
34
62
30
50
42
37
72
44
45
85
75
78
90
54
63
32
85
42
52
97
100
58
76
49
83
97
96
30
54
77
91
92
56
45
100
89
49
90
39
64
30
88
64
75
79
68
41
60
95
82
82
98
78
85
57
80
72
80
87
35
55
53
80
47
76
96
57
87
30
71
95
94
93
87
42
96
99
81
56
48
99
81
59
38
54
35
95
35
35
72
91
70
80
46
66
34
49
56
99
31
39
68
84
57
45
71
47
72
76
50
89
39
61
45
94
47
40
32
97
66
80
30
31
77
82
61
71
58
39
54
44
42
77
40
50
60
76
61
38
55
73
44
47
60
56
95
30
99
67
81
46
41
54
78
61
40
78
45
44
37
85
72
86
80
60
93
54
70
59
69
40
82
47
58
69
71
38
57
95
94
31
90
38
35
98
32
45
71
56
49
70
31
30
72
93
32
80
43
85
100
92
43
45
88
63
59
37
83
53
72
32
71
36
48
59
44
73
47
64
54
85
89
78
84
56
89
39
37
77
67
87
64
55
32
53
79
32
40
38
45
33
54
32
85
44
45
94
92
68
45
44
86
59
31
71
80
72
78
90
87
85
80
34
89
42
58
54
99
69
48
44
63
93
67
65
93
78
89
52
66
42
41
90
54
46
36
87
97
77
57
62
55
70
77
48
78
76
70
85
42
82
38
91
48
62
75
48
78
55
95
71
83
100
46
98
90
41
35
36
73
39
83
80
58
78
39
70
75
37
33
85
40
85
76
76
66
42
88
73
52
87
84
90
62
74
31
33
79
96
50
81
54
41
38
60
80
75
100
40
55
73
34
60
92
62
30
74
87
37
65
77
71
46
75
44
37
59
73
53
52
97
57
68
34
93
92
49
94
58
93
40
95
75
78
49
62
90
74
94
69
95
47
57
55
64
33
58
71
